1.391845859
-0.605440213
1.168082391
-0.047854383
0.009575459
0.408223661
-0.205449171
-0.17981237
-0.990314412
1.696330477
0.742405255
-0.037747504
0.402506008
-0.286351708
0.191163612
1.162760851
-0.030447579
0.338409475
-0.344856661
-0.511037219
0.995007952
-0.922892966
-0.494641385
0.296381076
-0.111559621
-0.62236242
1.504739845
-1.139292928
-0.086346188
0.176264225
-0.34165841
0.585381741
0.190015252
0.865778776
0.020236088
-0.259643917
-0.398931674
-0.911374359
0.308298364
-0.95620251
-0.047409706
-0.501056444
-0.22188708
0.226723883
-1.069518717
0.069210215
0.012256619
0.740559183
0.404052692
-0.176548477
-0.416142876
-0.002611762
-0.053977817
-1.413763066
-0.061850023
0.267003811
0.350942165
-0.744242446
-0.084985836
-0.139105472
-0.826922906
0.245135316
-0.066042535
0.661754856
-0.089605735
0.689073392
-0.171089416
1.385195721
-0.074935738
0.322639716
-0.03042182
-0.119115934
-0.326436101
-0.991249061
-0.897086454
0.161103694
0.215051852
0.682787547
0.223703795
-0.485074299
0.354099519
-0.521795752
-0.15125649
0.563420209
-0.66156909
0.351166565
-0.528441275
0.060409541
-0.189109764
-0.893969045
-0.094242247
-0.167999281
-1.790808384
-0.368357875
-0.216129715
0.160374576
-0.180362566
0.287626528
-0.011950067
0.959797008
0.050993926
-0.25028897
-1.41517181
0.349847751
0.875259396
1.504013751
-0.041434349
-0.313589792
1.395706215
-0.122137132
-0.007140817
0.766799971
-0.184261581
0.085200799
-0.939071215
0.949763678
-0.242079221
1.121777778
0.501925072
0.161808052
-0.124871199
0.442404372
-0.047875628
-0.216849842
-0.077677021
1.268255188
0.495946179
0.521821225
-0.213450817
-0.935203169
-0.168422871
1.260544188
0.45710087
0.382727914
-0.53377617
0.452311388
0.094125229
-0.888689331
0.174373878
-0.7560114
-0.445369192
0.856723379
0.210648901
-0.628909321
0.251092079
1.172545118
-0.100041543
-0.056011474
-0.034814507
-0.25482901
-0.631035716
-0.08484381
-0.320793234
-0.310639177
-0.076822816
-1.040928802
0.303778905
-0.461250598
-0.197595628
0.981173729
-0.212546305
-0.210390875
0.358941297
0.97053666
0.857177247
0.360586144
0.013590188
-0.242042328
1.887402842
-0.790441176
0.317516465
0.012593295
-0.048687944
-1.142204455
0.151221667
1.263932952
-0.271411339
0.713973726
-0.165968875
0.084375496
0.812159861
0.245907747
-0.222178172
0.686229875
0.061660391
0.368091103
0.329903321
-0.34676893
0.050763499
0.436180921
-1.081235232
1.440656326
0.099876575
0.648955587
0.103969373
-0.395317381
0.239263457
-0.062092267
-0.004034471
0.407497963
0.040986241
-0.190387442
-0.00321942
0.52478228
0.468397201
0.347468501
-0.393122344
0.307765907
0.007948746
0.71850957
0.402462121
-0.738819461
1.066592763
0.380767332
0.311419495
-0.828651904
0.2063441
-1.002192296
-0.551249605
-1.437058126
-0.222695585
-0.145560408
1.854551344
0.492168244
0.600526945
-1.075125051
-0.043726795
-0.90514293
1.477670402
-1.395249508
-0.496530702
0.552214501
-0.040887991
-0.359319859
0.945811063
-0.062197485
0.100535391
1.231517277
-0.757480315
0.726764944
-0.214250831
1.292211995
-0.201061417
-0.590343664
0.096618357
0.196973977
0.560781334
-1.195529421
0.198644175
-1.410567059
-0.057453379
0.243518807
1.01153307
-1.450852376
-0.49687155
0.422962183
-0.053648498
-0.225124179
-1.941560475
-0.091712318
-0.01967068
1.358363733
0.173889132
0.131603381
-0.640219319
-0.832616493
1.048281506
-1.08194783
-0.211224364
0.589890636
0.084008939
-0.325159524
1.24846701
-0.813973207
-0.061060499
0.435831012
0.052721654
-1.647291535
-0.051103675
0.009896091
-0.159970974
0.384875865
0.133285065
1.170032702
0.383334687
-1.858384169
-0.188780347
-0.791238561
0.814199371
0.485565171
-0.730580849
0.052154477
-0.000827417
-0.10177317
-1.104908311
0.123115578
0.194902423
0.088495575
0.085914953
0.15501421
-1.293114208
-0.236045894
0.544190095
-0.479051981
-0.200988051
0.3630148
0.49491594
-0.730747611
1.043761938
0.178157699
0
-0.285547299
1.249288274
0.655805491
-0.750125295
-1.670529801
-0.112811705
-0.144123795
0.155304405
0.226696219
-0.6701421
0.585780434
0.005891016
1.166352498
-0.63052122
0.495563368
-0.39566188
0.187326994
0.013355481
0.134371583
0.893497141
-0.033044197
1.275927609
-0.355761542
0.152311699
-0.392464678
0.481021802
-0.276938159
0.142539997
0.467912798
0.040710976
0.217308146
-0.422304156
-1.790986347
0.49992526
-0.811436126
-0.064979423
0.458486162
0.886233508
-1.248581158
0.360653007
0.705435171
-0.028843856
-0.193721766
-0.017344908
-0.152826884
0.639545947
0.06576784
0.008215577
0.053396862
-0.837472803
0.96294763
-0.353458315
1.315150567
0.081231469
-0.302747453
-0.061059007
0.734784982
0.099467083
0.260134753
-0.035454135
-0.016927293
-0.682043551
0.460253423
-0.206043956
0.820209708
-0.085128255
-0.047423078
-0.907899287
-0.581867169
-0.019590717
-1.294873574
0.028950263
0.356398637
-0.700378204
-0.00414893
-0.112025758
-0.172796225
0.003328756
0.015811066
0.281226079
-0.046463004
0.041504109
1.878526386
0.017103206
-0.124587761
-0.282914261
-0.165978496
0.307939264
1.000996097
-0.029101727
-0.084096128
-0.035609077
-0.193490933
0.252269206
-0.355200984
-0.052779875
-1.387625114
-0.525622014
0.020705306
0.154015584
-0.726728564
-0.010826657
0.299014668
1.133532636
0.03038141
-0.098504375
-0.940000986
0
0.024884288
0.393073938
0.559217591
0.26942886
0.413707226
-0.001631694
-0.001631721
-0.0897461
-0.814973297
0.240408365
0.077206124
-0.079608686
-0.033675841
1.322838269
-0.552230818
0.004892488
0.065229976
0.01548202
0.120578123
0.242493287
0.078741436
0.847629476
-0.156840666
-0.206227091
-0.833070981
0.166060221
-0.216170531
0.009773181
1.03015546
0.040302429
-0.248968673
-0.484640921
0.18993044
0.285975842
0.698764036
0.046528418
0.125889041
0.14254825
0.618162626
0.239228746
0.547089326
0.078068322
0.866749139
-0.321847341
-0.427119335
0.268389819
0.429373209
0.042988229
-0.39297796
-0.068238505
0.61221126
0.390835264
0.7141303
0.057095682
-0.407152937
-0.14014386
-0.071333313
0.129577902
0.515316125
-0.006938448
-0.189664079
0.064113953
0.598270804
-0.555576871
0.469168384
0.121352699
0.08361653
0.29739549
0.764210494
0.568810958
0.242828271
-0.188826866
0.073110985
0.006025367
0.470703419
-0.553952251
1.366589782
-0.054283568
-0.267845185
0.088775495
-0.602243506
-0.212212332
-0.64625697
-0.228417565
0.897568076
-0.117959969
0.733419087
-1.125349105
0.484868625
0.167607423
0.491476079
-0.176215401
0.137630805
0.926237162
0.129519298
-0.011826447
0.635746707
-0.027913673
-0.034534446
0.206543231
-0.591946013
-0.043535046
-0.614185319
-1.390456949
-0.122777945
-0.682519212
-0.901345564
0.056702808
0.107980609
0.24250306
1.1279257
-0.233181149
-0.853213924
-0.060269458
-0.283208269
-0.358269284
-0.065304241
-0.362098789
0.593345884
0.00230109
0.157237528
-0.663189897
0.751647843
-0.195883388
-0.076667127
-0.034526678
0.052191666
0.053698689
-0.141841797
-0.395417761
-0.819413075
-0.073835727
-0.798792866
0.050963604
0.333837485
0.535018316
-0.076135428
0.097185508
0.768961901
0.394650634
0.023800932
0.305500545
0.017600784
-0.214232703
0.184022267
1.460289762
-0.32662729
-0.136225347
0.355426891
-0.025675298
-0.100461519
-0.300931527
-0.343551396
-0.249609984
0.959741221
0.019647108
-0.178300255
0.98013245
0.355269075
0.200905194
0.27802002
0.026758637
-0.680676515
-0.461632849
0.838100106
-0.301146444
-0.399252336
-0.09007927
-1.157059566
-0.551096111
-0.761287462
-0.372010629
0.142247511
0.034739377
-0.517051111
0.225737136
-0.050308819
0.354662103
-0.397391875
-0.045708088
-0.507669294
0.202545845
0.011661717
-0.122822428
0.63588179
-0.047950503
0.305637661
-0.3533051
-0.068124637
-0.789390101
0.888590436
-0.092874944
0.848271695
0.30649634
0.161586767
-0.278306611
0.138774947
-0.004593899
-0.449457129
-0.168442103
-0.433757589
-0.259995512
-0.164472408
-0.044294207
-0.052088192
0.060671588
0.599351674
0.095046751
-1.061505562
0.012484589
0.170081296
0.265592872
-0.478509784
-0.968645847
-0.476055361
-0.071274709
0.124423452
-0.266742653
0.579355883
-0.263548275
-0.671687843
-0.075667668
0.18492834
0.058876884
0.152671756
-0.706618394
0.591706514
-0.066771593
-0.823271131
-1.402757393
-1.007857875
0.730514812
-0.230046336
-0.068682442
0.220916723
0.21961335
-0.425230333
-0.026997178
-0.882964272
-0.067699776
-0.025611157
-0.633831915
0.673635887
0
1.443995605
-0.345274061
-0.742786635
0.222280765
-0.420575334
-0.766337254
0.495440452
-0.068655753
0.629086996
-0.91469935
0.134486709
0.317526115
-1.220630893
-0.053544835
-0.42858817
0.043715847
0.176467622
0.164412979
0.173355219
0.01504828
0.818336078
1.420256691
-1.197629266
-0.097633626
-0.372695499
-0.068167459
0.203809999
-0.131169316
0.839588685
0.274510127
-0.853337718
-0.029021078
-0.034835403
-0.381663555
0.428934327
0.586332725
-0.104710315
-0.009078904
0.446557545
0.125729312
1.179386588
0.374756652
-0.176981138
0.054240911
-0.135933328
0.186352514
0.087341895
0.729638009
-0.257494204
-0.006433868
-0.597583927
0.013755047
-0.81386318
-0.742239115
-0.194753969
0.07657157
0.545463521
0.027820736
0.353388687
0.217644709
-0.054496356
-0.042318742
-0.447791573
-0.118585156
0.975190371
1.307157743
0.275347586
-0.100577121
0.155012745
-0.589572779
-0.390029373
-0.147437963
0.102471417
-0.071737168
-0.977616455
-0.157213493
0.186016154
-0.505708562
0.153056631
-0.062927005
-0.766230262
-0.263700041
0.839461291
-0.46212084
-0.933471625
-0.048193572
0.273505695
-0.43028047
0.141548709
-0.012471938
-0.015799759
0.262816461
-1.221049837
0.067181727
0.43638805
1.681985294
-0.354169919
-0.098134618
-0.450707016
-0.602834233
0.239426045
0.022470601
0.440158424
0.011597757
-0.454745003
-0.554177969
0.281980052
0.267837028
-0.530914538
-0.062744704
0.299689428
0.989024746
-0.303305785
0.61508874
-0.588259526
-0.085363125
-0.550772242
0.241880328
0.450975171
-1.081788513
-1.10701725
-0.029636404
-0.027951179
-0.225366432
-0.116334364
-0.685216829
0.415165082
-0.092066902
-0.310585505
0.287587517
-0.448066911
0.714132625
0.194930115
-0.001699134
-0.407799159
0.778844103
0.058406271
-0.324007884
-0.536393265
-0.09044986
1.191431939
-0.627104768
0.100222528
-0.448004344
-0.165348425
-0.118667509
0.741912048
-0.075511399
-0.490770459
0.830233114
-0.039773545
-0.293764074
1.480789641
-0.075301835
0.442103677
-0.175896363
0.297295943
0.081597309
-0.135607321
-1.256279314
-0.161985674
0.257738493
0.010114462
-0.016855732
-0.193030666
-0.147797813
0.043982069
0.056644291
0.07604627
-0.002532949
0.003377351
1.435325903
0.858997836
-0.070973492
0.343557472
-0.016460634
-0.524357518
-0.195291489
0.534785961
-0.758737856
0.883374607
0.016474872
-0.170486835
-0.147677584
0.027265742
-0.103251173
0.329091525
0.028845282
1.367696009
-0.198322388
-0.344496205
-0.275405549
-0.924378012
0.103391232
-0.113199752
0.538514989
-0.756958672
0.236281183
-0.564083901
0.098151753
-0.596642845
0.125394994
-0.146110944
0.15217773
-0.650364421
-0.021848739
-0.042866509
0.18163013
-0.235019599
0.135454614
0.2814653
-0.067026936
0.057011109
-0.217859447
0.00083975
0.068019213
-0.346578274
-0.05473592
-0.220748692
0.648511716
-0.021813362
0.986011228
0.04736501
0.029070009
-0.257402395
-1.068895475
0.330696735
-0.143416672
-0.00587929
0.037797657
0.411418976
0.420603729
0.472966784
0.924905313
0.0550186
-0.058271232
-0.139604017
-0.580577782
-0.12986261
-0.892827563
0.576624158
-0.012463441
-0.178664916
-0.120710611
0.175033548
1.213109571
-0.421718936
-0.047056104
0.207309519
0.978355835
0.249769412
-0.485266938
-1.074265891
-0.021503598
0.105059396
0.28592442
-0.318069827
0.044638798
0.025614542
0.071041501
1.071469845
0.784057498
0.287682334
-0.547048604
0.261622711
0.093192869
0.272841355
0.327810613
0.144055111
0.660575231
0.847044923
-0.079164028
-0.350182222
0.222614448
0.149137699
0.481599417
0.301921894
-0.011789024
-0.152489349
0.381805586
0.182726467
0.435238677
0.719396424
-0.015476881
-1.058782555
0.546790053
-0.934368582
0.829308517
-0.513275853
-0.001565778
0.676426838
-0.378711293
-0.517536122
0.379774646
-0.479957476
-0.011781894
0.092695151
0.968473595
-0.485810448
-0.046084389
0.909609509
-0.037171554
-0.04493233
-0.585932959
-0.364858228
-1.057894696
-0.080664932
-0.023744133
-0.433037517
-0.405502107
0.506147214
0.32805376
0.046711584
-0.022949211
-0.527953015
0.017506167
0.658753143
-0.656813152
-0.544995982
-0.03999872
0.614626182
-0.027839201
-0.187768027
0.876836374
1.062022426
-0.075061574
0.129108991
-0.03516614
-0.584745034
0.448215395
0.255203889
-0.003904206
-0.634848745
0.358352521
-0.584941858
-0.115786323
-0.298081397
0
-1.060640814
-0.077542928
0.667226689
0.29563932
0.542784922
0.092208754
-0.595261529
-0.403969995
1.118207051
-0.191123381
0.528762805
-0.010974281
0.038414199
0.463144366
-0.312799832
0.15415193
0.555499129
-0.014762556
-0.257217236
-0.044408433
0.234611877
-0.542776715
-0.551211884
0.019654861
-0.104543311
0.55080378
0.430403719
-0.117658976
0.037445587
-0.042110517
0.525823061
-0.703897434
-0.134430663
-0.136959499
-0.089341693
0.019609996
0.178023857
0.33897509
0.090504092
-0.195655055
0.229622919
-0.018701784
0.252521316
-0.433024955
-0.094477368
-0.58381268
-0.413505758
-0.030786476
0.245578016
-0.238674764
0.132651128
0.257853899
-0.41763998
-0.120841626
0.389058904
-0.198501784
0.069455955
0.735879861
0.074381459
-0.071979032
-0.260720465
-0.425465107
0.097754793
-0.006300602
-0.203994833
0.011838523
0.46875
-0.042414817
-0.157944366
-0.165277548
-0.701621613
-0.053191912
-0.030978934
-0.461649702
-0.145283862
0.299784155
-0.282150401
0
0.132682178
0.060665565
-0.058235543
0.723978289
-0.028529088
-0.028537229
-0.530468223
0.020726049
0.396901301
0.702548226
0.416223247
-0.067512933
-0.062845157
0.299488276
-0.054859794
0.179568409
-0.476686209
0.011797276
0.021232591
0.391540215
-0.113558048
0.557459053
0.087326711
0.042846237
-0.313811604
0.038275867
0.139770589
-0.250300204
0.254836818
0.004678326
-0.099019937
0.224771716
0.768583843
0.01313705
1.149727249
0.540065694
-0.22489496
0.486593919
-0.338739012
0.672937276
0.710735812
-0.023249012
0.05926126
-0.188923958
-0.223081834
0.005269576
-0.647370996
-0.168200932
0.430318071
0.366507972
-0.536836954
-0.526865604
-0.472581161
-0.002293841
0.126164151
0.765195079
-0.186435668
0.020500672
-0.366659075
-0.036572265
0.112043537
-0.308345896
0.143576114
0.241746677
0.360604355
0.012886598
0.016674625
0.560780242
-0.767149715
-0.666762859
-0.617722835
0.078464556
0.08608961
-0.162815166
-0.482318823
-0.351704414
0.230384362
0.005417453
0.09905664
-0.147664809
0.15717427
0.203310168
-0.066346762
0.043231225
-0.097228224
0.591661131
-0.426162541
-0.306145269
-0.10519802
0.002322988
0.308175955
0.100351229
0.481974166
-0.082885649
-0.483900701
0.0370479
-0.269269347
0.445610045
0.196400102
0.228299972
-0.262292065
-0.120725584
-0.210177843
0.568598255
0.723414702
0.060930562
-0.015984533
0.006090319
0.117992753
-0.127738198
0.004567913
-0.097444369
0.303286621
0.017473619
0.149639195
0.42473473
-0.100447862
-0.339446906
0.043239143
0.050802991
-0.820771662
0.294194061
0.370282893
-0.352216917
-0.118074547
0.089995271
0.454905666
0.029582881
0.22976826
0.093058445
0.610742415
-0.031553799
-0.081915469
0.114324395
0.533405456
-0.446878947
-0.322776781
0.009036893
0.367467112
0.141797148
-0.277948426
0.085645383
0.231945414
0.134801168
-0.052352105
-0.25890452
0.278332108
0.463846183
-0.37606583
-0.029899836
-0.157021086
0.640305549
-0.0558098
0.363338545
0.339025802
0.210713097
-0.154935812
0.243848371
0.302226154
0.029396634
-0.168980971
0.069914631
-0.172825887
0.471489612
-0.014664907
-0.271340569
0.389734539
-0.157486083
0.114449213
-0.320970827
-0.089690714
-0.30610518
0.301140348
0.089776515
-0.013233835
-0.419126893
-0.121098452
-0.316420603
0.287017466
0.089482481
0.064281123
0.339658864
-0.551916992
-0.159094273
0.094867519
0.051831503
-0.333769973
-0.146281335
0.081799591
-0.230337705
0.078197729
0.06325346
0.037184397
-0.028993049
-0.147981796
0.177245545
-0.056499275
-0.021571121
0.353396325
0.249842458
-0.144207304
-0.530264318
-0.448958015
-0.027672241
-0.08004728
-0.42002336
0.076689999
0.000751287
0.571724791
-0.076195029
0.25716742
0.114086303
-0.174286097
-0.107440236
0.59155687
-0.020790638
-0.025993702
-0.067601198
-0.00520361
-0.030479872
0.686378036
-0.028804183
0.624270453
-0.088837984
0.024250085
-0.103588877
0.205186286
0.0484393
-0.047682275
0.8873134
-0.013094433
0.318672924
-0.052218185
0.018866419
-0.062392536
0.039201167
0.153114909
0.008694644
0.161561422
0.060035732
-0.215420649
0.120258483
-0.730090737
0.183682841
-0.828695114
-0.073364342
0.544028897
-0.105150168
-0.104529871
0.247329138
0.510956364
0.117648768
0.043522414
-0.412558005
0.443389564
-0.853870687
0.091386294
-0.014608457
-0.590998415
-0.564382193
-0.672529747
-0.116071429
0.355323143
0.028948716
-0.025230039
-0.063091014
0.579318335
0.152118209
0.809573315
0.014627903
-0.228893195
-0.305646769
0.523471676
-0.358378374
0.02055242
0.008072506
-0.046963515
-0.137285995
0.300680022
0.334227539
0.560303894
0.017434638
0.233873955
0.265936248
0.466141505
-0.138114592
-0.068432464
-0.034600081
-0.012979521
0.827912478
-0.185966669
0.77319957
0.182039266
0.01135678
-0.041163654
0.35713525
-0.064381022
0.176276946
0.814111262
0.046966128
-0.304085536
-0.508120796
-0.483166862
0.335741968
-0.013441336
0.002830135
-0.626857224
0.432169963
0.259462218
0.366266696
-0.128218676
-0.012697248
0.192599386
-0.22180287
0.241349866
0.610369953
0.051080385
0.036367451
-0.871802401
0.579025319
0.02313987
0.399596198
0.484589495
0.165383439
0.060355473
0.049225905
0.385297705
-0.437663951
0.559538502
0.068260327
-0.316263815
0.594444022
0.548329245
0.281553464
-0.012266343
-0.016357131
-0.954322056
0.474876291
0.342486866
-0.277150132
0.341581956
0.071631283
-0.030677147
1.185183165
0.119960642
-0.057889068
-0.078128157
-0.11121746
0.336048261
-0.285827656
0.084307933
-0.650308981
-0.754955028
0.032122915
0.204974037
0.617755353
-0.992776114
0.172483419
0.123673584
0.003412177
0.383515651
-0.380011013
0.30298481
-0.468752126
-1.377335147
-0.270303988
0.06741167
0.081950705
-0.199851499
-0.371995355
0.34058234
-0.023648555
0.121749294
0.040996991
0.618870336
0.94019867
0.673619422
-0.052306229
-0.846852847
0.015765627
0.819683366
0.255598004
-0.057634152
0.037314192
-0.357404443
0.084396801
-0.325061714
0.982459013
-0.198633885
0.054157612
0.587292029
-0.450677698
-1.009493564
-0.079180347
-0.148239232
-0.095096054
-1.01486691
1.194075283
0.004101919
0.853164159
-0.488046256
-0.01907266
0.692197113
-0.042626611
0.582812119
-0.011440647
-0.39104566
0.027703639
0.156043125
-1.205932541
-0.126297968
-1.005509454
0.142933098
0.066882714
0.024116808
0.459486643
-0.074745078
0.47419709
0.267056437
-0.008174276
-0.158048913
0.46193316
-0.069277006
0.669462323
0.078991075
0.086349378
-0.072120407
0.975339953
0.98395479
0.49677526
-0.10794729
0.109381795
0.036859565
0.105932203
0.311544908
0.771201489
-0.166454264
0.043636837
-0.13345746
-0.022815869
1.369264575
0.558317842
0.242428119
0.019781258
0.334300935
-0.661923202
0.006400901
-1.269217476
0.009075881
0.05185747
-0.09459083
1.468194523
1.259051429
-0.41972519
0.0925386
0.024063121
-0.058244068
-1.106648761
0.45670875
0.007651597
0.325168003
-0.031775891
-0.136679762
0.008275669
0.76257161
-0.546437731
0.417955575
-0.162564599
0.28130821
-0.265355893
1.002166504
-0.240215755
-0.58909699
-0.021502656
0.636995053
0.519821739
-0.650325163
-1.305387714
-0.337997271
-0.02175638
0.210570781
-0.560767958
0.325640844
-0.95134443
-0.320591543
0.033718502
0.437544565
0.252347607
-0.925091415
0.035087947
0.557312946
0.012918979
0.43272988
-0.493244416
-0.012925407
-0.167405665
0.83713703
0.019903947
-0.449996469
0.896323141
0.932459033
-0.395752468
0.175458672
0.04696087
0.034252658
-0.515516214
-0.333985583
-0.761020407
0.20621347
0.008360182
-0.099027728
-0.578019799
-0.049851094
0.981325664
1.186673338
0.052615564
-0.88639114
-1.133399816
0.545716706
-0.737606348
-0.379641867
0.036418027
0.595478008
0.199040984
0.182521767
-0.198283687
0.646992421
0.080113826
-0.646801534
0.324861579
0.627702429
0.586755542
0.230413284
-0.074094715
-0.164777012
0.231703369
0.571269333
-1.126602685
0.014012114
-0.017194276
0.156685902
-0.368208181
0.476801409
0.269985262
0.967429248
0.08157221
-0.285270035
0.026407953
-0.532419776
0.226873444
-0.093948814
-0.018933656
0.49173705
-0.868106811
-0.546842822
-0.113410469
0.171584574
0.002547073
0.224136723
-0.96506331
-0.071850141
0.163063017
-0.264706259
0.018636454
0.066821727
-0.78784143
-0.291233861
-0.560153182
-2.069163588
-0.021328783
-0.624
0.109349004
-0.043557801
-0.606722892
-0.944980675
0.089883968
-0.027893433
0.553941217
-0.196939653
1.026649488
-0.721553992
-0.071665686
-0.192824232
-0.664325709
0.497481882
-0.158216029
-0.217636737
0.023174339
-0.399324011
-0.673225599
-0.153604541
-1.185195405
-0.398640016
-0.005607503
-0.976461187
0.029023467
-0.950419657
-0.006430271
1.607671092
0.03445754
0.114584578
-0.799067521
1.475813644
0.065567824
0.828819786
0.035949836
2.090561031
-0.864455772
-0.17822269
-0.066354277
0.013690378
-0.20327429
-1.052046828
-2.346874415
-0.579171132
-1.349277173
-0.347360423
-0.739987655
-1.24811612
0.655652689
0.462223531
-0.377308726
-1.387724485
1.164880566
0.065608575
0.307200424
-0.896011281
-0.311251751
-0.347162854
0.122340584
-0.610955475
-2.094515578
-1.613298418
0.638157127
-2.41657967
-0.501624534
-0.527250571
1.525281236
2.180599369
-0.328020685
-1.467399721
0.161106527
-0.81208317
2.681643792
-0.204152382
-1.872008646
0.035401015
0.786410821
-0.53448814
-1.772896646
-0.127780218
2.107072888
-1.303939228
-0.577663162
0.948147202
-0.252994426
-1.030396703
-0.276298402
1.072116929
-0.003972826
2.924116011
0.853084228
-1.419986987
0.198012114
-1.662339675
0.159981086
-0.785251745
0.816844443
0.02359882
0.467932838
-0.432093933
0.044025849
1.859273579
-0.281592347
0.738849561
2.566623147
0.097340362
-0.015708921
2.408331525
2.345119813
2.915982583
-1.188139414
-2.352908144
0.147365394
0.075368769
-0.129106298
0.618356794
0.104924305
-0.047059495
0.29818379
-0.947368421
0.924117529
-0.611860126
0.485343069
-0.846316599
-0.149441391
-1.897436266
-0.722458559
0.801595804
0.417766051
-1.706444785
0.011880718
-0.797398432
-1.350157918
0.053106745
-0.572490143
1.155386082
0.536791315
-2.01871738
-1.23450176
0.901222035
-0.168957837
-0.203861836
-0.08016959
1.738915762
-0.212322275
0.041794901
-1.609570832
-1.100894767
-0.338003981
0.597625164
1.522170748
-1.46867091
-0.439774275
1.149245563
0.177770907
0.312475889
-0.69222782
-0.054215234
-0.352590182
0.011664982
-0.631390692
0.173718435
-1.718548608
-0.41330525
1.145297099
1.1994003
-0.16374269
-0.866916589
1.201449618
-0.957533767
0.165061898
-0.584611763
-0.311784671
-0.415693416
-0.131191858
0.788185184
-0.955803942
0.877297922
0.002371823
-0.306748466
0.567010309
1.214367386
0.585875112
0.133997382
-0.378248762
0.674736589
0.38562394
3.521819299
1.403402007
-0.614776595
0.298243676
0.088105727
-1.210387324
0.8465137
-0.404977542
-1.766967322
-0.442537819
-0.228300147
0.393999091
-0.030943396
1.612574457
0.178312716
0.088997664
-0.589085251
-1.084525939
0.079122867
-0.850839545
0.125303767
0.012893928
1.355963052
-0.808080808
-0.237610319
-0.302446032
-1.080732623
0.112704132
-1.052252694
0.195815887
0.454980843
1.05732631
0.741896211
0.033989199
-1.590909091
0.876217075
0.929454269
-0.310481774
0.317496315
-0.02034588
1.037851038
-0.574391108
0.037513599
0.4079949
1.875574213
0.036659579
-0.461741425
0.485973051
-0.355389463
0.290473214
-1.052207068
-0.123754122
0.617311431
0.48816459
1.113948573
0.798316278
0.766793866
0.152906291
-0.037098074
-0.201260375
-1.137054386
0.839090021
1.549442273
-0.081941158
0.092612885
1.010029665
-0.971960003
0.118627313
-1.507885011
0.021482277
-0.497565865
1.183580962
-0.556780203
0.878102498
-0.655679603
-0.157688191
-1.374983027
0.249990942
0.78062884
-0.314853331
0.279874236
0.063136748
-0.590099521
1.532691406
-1.058464161
0.40493969
0.490546609
0.056215755
0.059028938
0.202570153
0.286571568
-0.97396397
-0.151424245
-0.143785052
0.160468798
-0.417694811
-0.278673571
0.939910546
-0.568684533
0.009328961
0.274819896
-0.071557887
1.009688715
0.272939308
-0.322393631
-0.023406579
0.9506715
-0.016163831
-0.078020665
-0.5261714
0.420759347
0.035913975
0.157683184
-0.446299928
-0.845770442
0.2050581
1.292490905
-0.014029673
1.09587119
-0.029147033
-0.016660303
-0.410328332
-1.14054657
0.016924769
-0.320106044
0.077100457
0.251620336
0.724765403
-0.599158658
-0.027462661
-0.828332347
0.390636098
0.621170744
0.207419282
0.510809085
0.004188569
-0.166139627
-0.043352096
-0.299399103
0.605507806
-0.261528161
-0.002796949
0.20697998
-0.750148285
0.276313014
-0.089747095
0.303870311
0.030784731
0.242005428
1.015922634
0.539461506
0.18412284
-0.092577988
-0.004804788
0.343215656
0.252426786
0.35892187
0.206695858
-0.200841362
0.010878138
-0.218898708
0.750793716
-0.364484717
-0.476445796
0.150028301
0.068773449
-0.51306478
-0.237336361
0.373648524
-0.661184121
0.211089414
0.020584179
0.469222696
0.507316141
-0.208559783
0.701190663
-0.42792534
-0.033946636
0.319885901
0.545660107
0.483446339
0.146078333
-0.28169391
0.010064952
0.393835502
-0.123635003
0.466379835
0.101234798
-0.160348108
-0.081968852
-0.789680793
-0.488739496
-0.671517264
0.784879173
-0.678890291
-0.017665804
0.380561464
-0.343237809
0.945626478
0.05383725
-0.14931798
0.228353564
0.770197523
-0.031346081
-0.038694527
-0.910340777
0.350912642
0.116114396
0.360006436
-0.634598299
0.586214546
-0.258650074
-0.429521027
-0.029610687
0.700096263
0.040109365
1.123280165
-0.785689742
-0.193149198
0.160824274
-0.056631178
0.521968682
-0.247360603
0.059832867
-1.30357653
-0.010097814
-0.202649934
-0.823714338
0.14692878
0.042791355
-0.799109234
0.076653526
0.219526206
-0.812037258
-0.043342162
-1.357955015
0.031398489
-0.228090734
-0.202045625
-0.191946647
0.616954672
0.301354
-0.009041277
0.060512478
-0.056305132
-0.173879175
-0.112869963
-0.104627317
0.083091275
-0.216974221
0.760711489
-0.334462085
0.294506719
-0.687247055
0.712972606
0.126316082
0.584341316
-0.190203159
0.177446973
-0.075126302
-0.780107601
-0.221760318
0.199261478
-0.66543361
-1.271183475
-0.146763753
0.372774007
0.138652103
-0.04521147
-0.559745005
-0.344702596
-0.377988247
-0.773878556
0.002164424
0.49347801
0.244091549
-0.512776441
-1.222321403
-0.33158915
-0.153550302
-0.067373108
1.09921516
-0.45302658
-0.303634881
-0.448440319
-0.047687172
-0.196711685
1.267908099
-1.207006739
-0.589558493
0.628549456
0.182243059
-0.286804078
-0.650291675
0.219910407
0.073881435
0.611286655
-0.053566187
-0.453721174
0.407112671
0.596440455
-0.86087928
0.329960081
0.069005007
0.006602306
-0.242068586
0.406632597
0.172100653
0.636043953
0.033417361
-0.690636824
0.653026004
-0.206333869
-0.947166872
-0.565208444
0.039175974
0.164031329
-0.43670055
-1.375120397
-0.315519029
1.045262031
0.049223977
0.495724839
-0.543720144
0.742099807
0.559693205
-0.602223367
-0.031108346
-0.11558124
-0.622338926
-0.411270759
0.131910301
1.021706587
0.240803171
0.442752606
0.161160948
0.28506774
-0.580969406
-0.508463335
-0.031848785
-0.071867822
-0.397410898
-0.343911208
-0.721568627
0.683926596
-0.033627763
0.026163725
-1.564928853
0.356833746
0.092295588
0.468610645
0.036110317
-0.784363861
-1.575065754
-1.342287048
-1.511201311
1.031908317
0.253381029
0.027386756
-0.959838541
-0.373597036
-0.648516657
-1.382904019
-0.037221948
0.316504367
-1.554128203
1.737676432
0.580074443
0.677656558
-0.016708039
-1.577979899
-0.185957763
-1.359210718
1.485514387
-0.718533803
0.041565808
0.229738977
-0.621799561
0.179937022
-0.717638895
-1.619163528
-0.029255164
-0.290965034
0.388246935
0.04092986
1.238247917
-0.127011357
0.051199471
0.849311224
0.919090567
-0.196254937
0.619987486
0.041993055
0.056505384
-0.692203434
-0.358262791
0.34487538
0.185251389
0.297638357
0.034769671
-0.775983316
-0.759242061
0.424389683
2.38681042
0.291396227
-0.06129402
-0.142576087
0.686778125
0.102195217
0.465344497
-0.449009815
-0.01582579
-0.32606287
1.023470749
0.141472731
1.621498591
-0.151375899
-0.040221839
0.133868809
-0.506166734
-0.94525006
1.078944892
0.129549756
-0.07592485
0.721834125
0.01385596
0.006157351
0.64109471
-0.216415456
0.037552497
0.96374097
0.368765697
-0.524656592
0.220393212
0.667308699
0.073821307
-0.49830261
-0.345717117
-2.355540036
-0.278319819
-0.604969167
0.043138947
0.521364171
0.482002886
-0.255369354
-0.229564838
-0.884493288
-0.038559906
-0.370790232
-0.256805342
0.2693496
0.46061468
0.347612719
-0.015674595
-0.773662551
0.140613644
1.013678747
0.14837838
0.548966399
-0.032572027
-0.119469679
-1.510691345
0.319390556
-0.20989081
-0.111074349
-0.041797778
1.626061161
0.893571101
0.093105571
0.531207478
-0.227877527
0.058249153
0.026043661
1.553789132
1.08134195
-0.689310466
1.322836775
-0.031137867
-0.232865131
0.978978354
0.302550701
0.049906059
1.146533259
0.026108335
-0.785220739
1.134902075
0.64309611
-0.03446221
0.084748806
0.086829849
-0.514791287
0.348093055
0.248493597
0.892646058
-0.773267249
0.041505059
-0.343347639
-1.485070342
1.708548572
-0.298002808
0.24572496
0.034403177
0.039406749
-0.744136079
-0.664569293
1.178948898
0.117023721
0.040874572
-0.424348424
1.012122434
0.741865139
0.488105091
-1.236862298
0.203141928
-0.997289819
-1.054038325
0.073341466
-0.848250891
0.183689002
0.110303517
-0.863943493
-0.737513065
0.315141628
0.827142699
0.228732295
0.324029375
-0.667108976
-1.895863304
-0.246145098
0.185251853
-0.886366869
0.299860267
-1.17025122
-1.082003688
1.202452664
0.538137754
1.551262057
-0.269877362
-0.524022037
-0.361458459
0.013575582
-0.174950418
-0.1201115
-0.212527795
1.474946376
-0.084402053
-1.228227555
0.213431017
-0.411603441
-0.039434569
-0.383880072
-0.233043425
-0.006870229
0.092372758
0.057965709
-0.059456658
0.398901686
-0.374526145
0.840323319
0.466568866
0.747408907
-0.310791023
0.119907671
-0.410940447
-1.171766368
-1.117972743
-0.736821056
-0.244072524
0.592644375
0.172962288
1.225603552
1.760558018
0.175105138
-0.041832253
-0.657639076
0.701862606
0.63197998
0.004453979
1.103795364
0.13509148
-0.011731237
0.318247148
0.230253059
0.148773711
-0.89277262
-0.171198907
0.783860569
0.988088891
-0.132336351
-1.280222446
-0.392421497
-0.153168677
0.167416476
0.318075057
0.784592914
-0.949620589
-0.374961401
-0.327665604
-0.131052865
-0.013344899
0.593927261
0.310320935
0.612843255
0.037247756
-0.162806997
-0.18574176
0.72310341
0.370957653
-0.335526697
0
0.383919028
-0.215852872
0.644603982
0.751548898
0.124562421
0.01858962
-0.155837843
-0.450344023
0.016541764
-0.783806134
0.76028266
0.438053861
0.20195799
0.04145374
-0.715852343
0.892272489
1.124733437
0.102265354
0.224049375
-0.20667693
-0.766429271
0.635342055
-0.631330944
-0.366297766
0.361944526
0.194518
0.094944557
0.212360815
0.538253431
-0.03864232
-0.056228739
0.002109764
0.777783247
-0.164683717
1.210604673
-0.068369694
-0.246022861
0.289581977
-0.241082037
0.303985043
-0.400403165
-0.130307609
-1.224962869
0.708258093
1.311667562
0.199023477
0.071478646
-0.009615253
0.140808308
0.432805416
0.9786647
0.241449509
-0.118747217
0.062146206
0.107338149
-0.030346148
0.007420199
-1.94057536
-1.535307956
0.28572227
0.064783532
0.304215861
-1.510219662
0.374888133
-0.897213583
-0.228813499
0.505538199
0.570108511
0.08780618
0.424609079
-1.067866852
-0.257132967
-0.518424612
0.370198982
-0.082278257
0.398242339
1.225341158
0.02165364
-0.281436373
0.813076454
-0.47099033
1.127908762
1.006280627
-0.191324787
-0.219760659
0.791096901
-0.744043567
-0.497918481
-1.111792723
-0.154738339
0.605950602
0.194984526
-1.81446726
0.207370834
0.699660024
-0.232065593
0.21719178
0.733356171
-0.382399889
-0.68622465
-0.46719138
-0.00563825
0.68649563
0.588012936
0.448870517
0.467649076
0.165501262
0.024784171
0.062633354
-0.758008268
-0.769342732
0.314313853
-0.685842402
-0.423461447
-1.220868831
-0.389889947
1.313783998
-0.120069216
0.089806598
-0.361730087
0.062398071
0.28557661
0.445163615
1.466046669
-0.46521302
0.195034967
-0.050054225
0.927162452
-0.983425795
-0.258216289
0.457060716
-0.11739209
-0.903381945
-0.323522394
0.833609091
-1.627600075
1.332282839
0.972941168
-1.657278428
1.393875694
-1.375409597
0.445817638
0.063907187
0.0968523
1.264873127
-0.251338046
0.128415149
-0.645411753
0.448652647
-0.136147985
-0.123813167
0.57108234
-0.189049007
-0.24837998
0.840891387
-0.034486326
0.117293959
-0.479652665
-0.482656898
-0.781423959
-0.380814789
-0.327358743
-0.434380319
-0.705134571
0.710856457
-1.525179652
-1.646051997
-0.506840887
0.691254417
-0.002193319
0.559308651
0.887735293
-0.558510255
-0.800075369
-0.018994324
0.104488627
-0.938686131
-0.809054335
0.268913056
0.111870083
0.140606384
0.402752016
-0.327533416
0.400977706
-1.554110707
-0.3399353
-1.23243924
1.330550285
-0.025467592
0.67281541
-0.44058437
0.059801906
1.915505584
-0.024190179
1.115217104
-0.102967942
0.757086343
-0.126793845
-0.909602401
0.101913795
0.066176524
0.144619991
0.829456971
-0.410237218
0.654747279
-0.153647329
-0.006471747
2.027945375
-0.301669756
-0.055850519
-1.982032963
-1.118584377
0.32696434
0.549226718
-0.234407217
0.270491744
-0.376799016
0.419603772
-2.100096149
0.49918034
1.008097106
0.427002255
-1.256727294
-0.682941858
-0.56429157
-0.038625239
0.492662084
-0.1035212
-0.153222105
0.113424913
-1.20775451
0.032980294
-0.830229962
0.652063861
-0.017265712
-0.029281697
0.979346602
0.11676856
-0.517045412
0.22700967
-0.164656271
0.005970238
0.079847171
-0.528658668
0.332823603
-0.049309665
-1.426200834
-1.153373675
-0.405053969
0.25418833
0.221274634
-0.053663286
-0.305277933
0.650125024
-0.26677878
0.019161346
-0.014559833
-0.046751535
0.142620537
0.076568506
-0.992333706
0.157644604
-0.023918092
-0.162064548
-0.025508627
0.893802915
-0.818447249
-1.192987336
-0.541918532
-0.216218766
0.579933969
0.095576081
-0.55334236
0.851552785
-1.070670496
-0.363644969
0.27946893
0.550274743
0.999521046
0.809272821
-0.28301523
-0.423021004
1.064763399
0.171364461
0.540063672
0.015260303
0.823167708
0.025726782
-0.576434277
-0.456516777
0.590078728
-0.126897768
0.097386541
-0.344321732
0.144916482
0.991622239
-0.003016546
0.192310593
-0.671418786
0.061381772
-0.137834931
-0.420142575
-0.497311623
0.494439469
0.095964173
0.281529389
0.474221329
-0.068720737
0.124689222
0.915513155
0.563919615
0.112300221
-0.479154904
0.476983138
-1.017042331
-0.093817783
-0.833133001
-0.081816322
0.203191933
-0.791446925
0.282190715
0.952945919
-1.139822209
-0.179841039
0.421402997
-0.536706628
-0.398205401
0.368335431
0.715618215
0.008350287
0.479721883
-0.092917847
-0.076369355
-0.115019939
0.518943325
0.004522022
0.671489939
-0.323399286
0.008261421
-0.111895464
0.296216102
0.134177879
-0.291951132
-0.652431791
-0.688456452
-0.58441262
0.243405845
0.016034941
0.04809711
-0.183139003
0.212525228
0.595792075
-0.843273905
-0.09406906
0.597097189
-0.114905792
-0.026664432
0.107448219
0.602891137
-0.258779198
-0.195725893
0.303285978
0.153836827
0.035562685
0.247337529
-0.15241257
0.03778347
-0.015863064
-0.593826023
-0.058521311
-0.513311888
-0.560294747
0.313626615
-0.345596518
-0.591320128
0.054146458
-0.151528037
-0.137046758
-0.579177521
-0.736962778
-0.098991232
-0.144701867
0.671003513
-0.172891274
0.441205282
-1.043942326
-0.798706931
-0.398992187
-0.130870207
0.45944499
-0.25849864
-0.311002305
-1.082304757
-0.00808682
0.54994824
-0.160864809
0.696055684
-0.37922427
1.038404086
-0.168506728
-0.350321261
0.979554007
-1.236697393
0.163432728
0.428710828
0.60209299
0.049874127
0.424905642
-0.912400132
0.861959288
0.169499543
-1.308053739
0.21691109
-0.188590663
-0.320492378
-0.085579461
-0.197721797
-0.197311431
1.76565137
0.097135682
-0.788954635
0.252087475
-0.636962885
-1.084908673
-0.851458779
-0.216524217
0.432356588
-0.506847312
-0.090619642
-0.290082449
0.37615551
0.133079693
0.054628769
0.181724838
-0.087037158
-0.030937319
-1.000073295
-0.345499864
0.013207532
-0.474582986
0.816857958
1.027400077
0.296373496
-0.191586433
-0.281424365
0.353181077
-0.642104151
-0.367301195
1.689738411
0.058941317
0.058099657
-0.013710009
-0.272624617
-0.476375342
-0.129212616
0
0.340130519
-0.082717011
-0.254849444
0.530529879
-0.194256483
0.139488111
-0.024295432
1.020656136
0.461871542
0.269782737
-0.411545565
-0.008792474
-0.088731854
0.52566308
-0.275385619
-0.189950198
0.543747701
-0.057261926
0.201327328
-0.212835235
0.272978329
0.244456085
1.464743234
-0.066327486
-0.383393068
0.758763404
0.346962908
0.691526475
1.090990283
-0.094440933
-0.008385744
-0.53139581
0.009964206
-0.60928878
0.082507615
-0.033129931
-0.346052763
-0.238205723
-0.204663855
0.312286371
-0.417408813
-0.114315932
0.337111893
0.242091296
-0.1075943
0.87098024
0.130594435
-0.089762475
-0.423875233
-0.636205899
-0.079161816
0.403113058
0.197266124
0.003860348
-0.034741791
0.810923526
0.505623142
-0.403988048
-0.362768058
0.00076812
0.309549962
-0.55822715
-0.104725749
-0.303714724
0.054123851
-0.005409457
-0.279761353
0.433994141
0.001543281
-0.134263403
-0.829070792
-0.130893112
-0.173972742
0.139889651
-0.334797912
-0.191843894
-0.277727654
-0.011800895
-0.000786819
-0.043275397
0.245595806
0.356497841
-0.294200495
0.028251248
0.522500471
0.029657379
0.092066663
0.433406607
0.693873116
-0.058580502
0.043189881
-0.225878072
0.074948039
0.206145769
0.056246003
-0.031572463
0.546145017
0.314874969
-0.200856888
-0.771373473
-0.320048123
-0.283165574
0.401126568
0.49689345
0.529039501
0.025241902
0.656123822
0.015954295
-0.009115286
0.491510616
-0.014363254
0.132312136
-0.43114514
-0.112234297
0.100972525
-0.061432515
0.355161606
0.086207548
-0.160933262
-0.037081883
-0.1181004
0.000757949
-0.057603687
-1.042014258
0.147142222
0.051271063
0.316646908
-0.268376551
-0.132255919
1.596827778
0.530440024
0.135657753
0.139216347
-0.555343782
-0.121008959
0.639641199
-0.416489079
-0.054813035
0.012020405
0.06610428
-0.027024795
0.442275202
0.615262701
0.047552884
-0.072038084
0.266064182
0.559624051
0.077395387
0.455911381
0.095314207
-1.015960914
0.51430432
-0.4535114
-0.923727748
-0.225433699
0.008229714
0.291008655
0.350584058
-0.018582939
-0.652754132
-0.008231746
-0.086066249
0.002996187
0.277139026
-0.804469774
-0.686746988
0.010615067
0.191050932
-1.161523677
-0.009187025
0.588023613
-0.62036156
-0.292585784
-0.0437862
0.104518102
0.193463691
-0.646698695
1.080476613
-0.781285764
-0.142261731
0.45588609
-0.087390474
-0.560095139
0.336406774
0.539829746
-1.293377083
0.389765366
-0.57581722
0.399816783
-0.259812564
0.692312463
-0.312593836
-0.734504731
0.063023249
-0.625947669
0.283255086
0.017165775
-0.120919928
0.353045013
-0.229605934
0.230134336
0.684147851
0.450680272
-0.162378889
0.269016126
0.569645067
-0.094785281
0.236422899
0.080911707
0.021355625
-0.605455197
1.090934199
-1.111035221
0.145044319
0.0122611
0.191556203
-0.074946467
-0.513538749
0.130009001
-0.037645974
0.125277648
0.176550962
0.357843438
0.530651824
0.09797518
-0.87180849
0.371232185
0.043467982
-0.328536147
0.022943322
0.568099276
-0.841633088
-0.401769627
-0.134720052
0.018500817
-0.432376607
-0.251573301
-0.038801198
-0.334596156
0.031157258
0.303688649
0.190977479
-0.371928683
0.583308057
-0.003092935
0.018558184
-0.041748166
-0.576984059
0.6659043
0.836147539
-0.407709698
-0.01539018
0.634172997
0.039768425
0.091736807
1.164753416
-0.201579416
-0.212577636
0.498081967
0.421686293
0.190051231
0.28940956
-0.219795008
0.00674324
0.142347688
0.182544551
-0.719886491
-0.558121342
-0.748086291
-0.230918721
0.218467367
-0.298785042
-0.525205266
0.202122672
-0.219355432
0.038433157
0.373426767
-0.649151816
0.248104543
-0.747083148
-0.643517586
-0.153542785
0.467581534
-0.69538868
1.536655974
0.920061029
-0.22066459
0.064279647
-0.111652379
0.767893919
-0.279592767
-0.122664797
0.256310502
-0.032717782
0.357730013
0.285163893
-0.1694018
0.576488947
0.014310785
0.051210218
-0.176133199
-0.002262102
0.307652865
-0.723172336
0.561853055
0.021083544
-0.191217544
0.351488546
0.233755496
0.337442635
-0.293708802
-0.162652815
-0.149403886
-0.278201764
-0.058811554
0.692574067
-0.137861794
0.009753682
0.032259033
0.623973481
-0.459115606
0.006738797
0.175945614
0.041106436
-0.127004049
0.184016038
-0.401702382
-0.736925753
-0.15180237
-0.075638388
-0.152905199
-0.152381241
0.27561596
-0.657237181
0.430640244
-0.108526543
0.702770054
0.092042823
0.32109988
-0.078891018
-0.045116174
0.449860829
-0.144538973
0.181497731
1.224013116
0.058426767
-0.05247947
0.177488537
-0.393474088
-0.143040311
0.386687844
-0.276514731
0.243918714
-0.212262407
0.245325111
0.005175448
0.382963308
0.295332857
-0.448670877
0.044257906
0.131240369
-0.058907126
-0.359545264
-0.031795562
0.155330039
0.139580225
0.009587374
-0.275057519
0.074684808
1.048501507
0.065079887
-0.002923036
-0.034346682
0.741266
-0.036282627
0.181478981
0.008695211
0.028981517
-0.150660225
-0.290893791
-0.069116042
-1.108077609
-0.721474163
0.009640127
0.203164623
-0.294509398
0.283504772
-0.691957017
-0.403162703
-0.056865797
0.364597371
0.220798305
0.378102787
-0.205393622
0.263771863
0.014080228
0.070391227
0.240642701
-0.736445561
0.320725092
0.556322044
-0.057537399
-0.237662932
0.412831819
0.050839215
0.185579309
-0.105848886
-0.03752787
-0.318002473
0.347078632
0.031644172
0.546608891
0.265599391
0.078811982
0.178645647
0.161586165
0.178766078
-0.237204039
-0.093798399
-0.080058224
0.226527788
0.05959259
-0.617360168
-0.165164836
0.070274583
0.01536177
0.169684913
-0.14968311
0.035831548
0.076754386
0.418538403
0.058191129
0.300236991
-0.406607186
0.104068117
-0.607038741
-0.617329101
0.044894535
0.250855188
-0.089524201
-0.295253904
0.241617066
0.426954733
0.089271994
-0.05410029
0.057055497
-0.541718146
0.109521779
-0.591798524
-0.011817799
0.103417964
0.070103975
-0.099551649
1.095421228
-0.16063436
0.026327914
-0.032901231
-0.01609034
-0.05705675
-0.790467547
-0.517897719
-0.002966347
0.300351523
-0.047320828
0.107262008
0.421198865
0.326715625
-0.131287498
0.212980031
-0.05496398
-0.328498731
0.638563967
0.084796561
0.123435149
-0.011671761
0.376458228
-0.185342666
-0.104130257
0.138499107
-0.03566879
0.014563884
0.07208073
-0.423442104
0.170243236
0.659391959
-0.294927536
-0.180241727
0.061887946
-0.077130175
0.935015001
0.104611566
-0.002882821
0.008648711
-0.119630155
0.313864137
-0.246709343
0.316540123
-0.043845148
0.107863229
0.087634235
-0.727014361
-0.392556606
0.100158948
0.0355281
0.302968804
-0.08743659
-0.344989694
-0.280140506
0.074234727
0.07854317
0.054501061
0.17358211
-0.184881748
-0.342846351
-0.133382896
-0.037951772
0.329283607
0.402430593
0.421112142
0.223747555
-0.01152248
-0.295297566
-0.163255871
-0.047030903
0.007962821
-0.013029033
-0.04198791
0.031866278
-0.140456556
0.087002545
0.088375698
0.104220194
0.011567965
0.085303877
0.045504778
-0.280846148
0.387341534
0.025242326
0.01081541
0.080746327
-0.051146105
0.377665823
-0.122782202
-0.506829619
-0.608403483
-0.019628798
0.034175356
-0.395426428
0.083923841
-0.039374672
-0.119629441
0.000730321
0.115389952
-0.055440055
-0.107292222
-0.224313542
-0.205045586
-0.030820033
0.162956112
-0.082811183
-0.322717871
0.082412327
0.233064243
0.020538249
-0.288943157
0.22726437
-0.212806552
0.455200612
-0.135428944
0.010262575
-0.365017005
-0.343549075
-0.115895384
0.155938216
-0.123228134
0.038417779
0.241495946
-0.195972976
0.35875896
0.08311696
-0.054385372
-0.076475087
0.114064524
0.007350617
0.173461813
-0.132072288
0.274045067
-0.034436776
0.355480632
-0.097867368
-0.143289518
-0.358737829
-0.114621602
0.000735597
0.072087977
0.054394566
0.216725317
-0.241181128
-0.021310524
-0.047775148
0.144864658
-0.378893572
-0.312523034
0.009612114
-0.020701025
0.038452722
-0.035481176
-0.428143602
-0.018565827
0.000742771
-0.257739616
0.014893696
0.067011653
-0.230663343
-0.091732856
-0.045535301
0.269602169
0.028302871
-0.064035741
-0.339755912
0.048595224
-0.145714862
0.341994193
-0.005966365
-0.169305697
-0.11878969
-0.038147669
0.003741395
0.247671069
-0.050755359
-0.205364877
-0.325518397
-0.45646331
0.160645599
-0.309480961
-0.335367696
-0.021978355
-0.18951023
0.194426934
-0.081864696
-0.383865511
-0.029700482
0.004570662
0.037325371
0.128686409
-1.567348056
0.054081199
0.039380719
-0.472382599
0.330375977
-0.15846023
0.051871637
0.297140027
0.079465498
-0.249770658
0.152246996
-0.731526637
0.447747272
-0.726667698
0.038976933
0.122339887
-0.01945707
-0.515323478
-0.233957481
-0.53489357
-0.00946223
0.031543751
-0.429648083
-0.063339746
0.362849877
-1.212494376
-0.030364777
1.1494161
0.109842349
0.512298317
-0.340053246
-0.498029945
0.034054551
0.951619416
-0.736395505
1.422093005
-0.228239363
-0.384131917
-0.064268863
0.383508356
-0.656270508
-0.529271132
-0.019765502
0.181878568
0.052096489
0.177509191
0.282723915
-0.804944321
-0.143294831
-0.71988076
-0.125375327
-0.197494143
0.509533729
-0.480646601
-0.885040808
0.634353687
0.151767002
-0.417729029
0.437999694
-0.294200168
0.311148274
0.387929307
0.041517298
-0.644847208
0.698031215
0.137202661
-0.115506556
-1.210632512
-0.196979115
0.642254524
0.256387587
0.250921918
-0.307069802
-0.137965332
0.107633116
0.05135159
-0.694494567
-0.585484822
0.549941513
-0.77233178
0.031752493
0.250683683
0.458708148
0.597234457
-0.301262894
0.398062868
0.116377062
-0.302228636
0.593424089
-1.347711049
-0.451322773
-0.482671051
-0.02944424
0.04827005
-0.467748266
0.194715567
0.215656851
-0.359200105
0.012317597
-0.224973726
0.020573084
-0.472260846
0.057039407
-0.843536741
-0.434938384
-0.143102222
-0.363715598
-0.423080158
-0.392779613
0.4104408
0.038849383
-0.098774187
-0.515485697
0.137608834
-1.338569987
-0.587228847
-0.09599917
0.461411938
-0.486005791
0.530809463
-2.105136222
-1.436829648
-0.445456169
0.773845285
1.266194476
-0.826838419
0.292382117
-0.305664511
0.232166593
0.265223849
1.221211159
-1.192539875
1.18224777
-1.429828612
-0.151156212
0.246996645
-0.030908898
0.131624279
0.600794001
-0.135050995
0.099229871
-0.383366962
0.491400491
-0.125316578
-0.253579952
0.082688975
0.121294156
-0.499512778
0.051172557
0.175485009
-1.42782947
-0.006251284
-0.144681611
0.017887808
-0.065278821
-0.877813073
-0.434217416
-1.680070358
-0.127259314
0.19482558
-1.423792541
-1.407897689
0.832527356
-1.313710739
-0.230601374
0.92071709
0.288648086
2.507313391
-1.879827299
1.477693859
0.225591716
0.962141618
-0.195528429
0.419287212
-0.778550656
0.033995792
-0.011940408
-0.489615197
-0.941584816
0.294479442
1.088047276
0.843788777
0.265237483
-0.716337588
-0.982456783
-0.317172633
-1.124304267
-0.531016625
-0.159400879
-0.173825966
0.824272019
0.283461611
0.713202673
0.412624066
0.127721013
-0.756105226
-0.013039267
-0.09967025
0.920305463
0.436092171
-0.066233695
0.254984627
0.819935544
1.34785618
0.85546889
-0.25660216
-0.026798156
-0.414589253
0.351714609
1.44305563
-0.703331571
-0.574284142
-0.035709503
-0.384907345
0.523560209
1.255707763
0.49147407
0.341823409
-0.013102268
-1.154024234
-1.460918443
-0.512130589
0.173091486
-0.937758739
-0.052691825
-0.227239674
-0.953847275
0.291577369
0.40170219
0.326104829
-0.025493713
-0.496343451
2.056599974
1.100399085
-0.314906149
-1.114996841
-0.142183507
1.748283258
-0.072626787
0.365170531
-0.583736621
0.064845658
-0.484695689
0.637811993
-0.310236932
0.802013035
0.190528275
-0.086278998
0.250248927
-0.324335727
-1.52995538
0.334028854
-0.008032845
-0.362399693
-1.411870101
2.099973648
-0.808116768
-0.831748197
0.275955666
0.236398087
-1.044179599
0.567623622
-0.406129021
0.589426649
-0.363862906
1.056609245
-0.535334786
-0.826707055
0.070905868
-0.560486179
-0.666873732
-0.420283991
0.014776642
-0.041553165
1.009699769
-0.052129537
0.495031386
-0.013657844
0.000910647
0.966187974
-0.253440843
-0.694438165
-0.4680173
0.474792107
-0.113812255
-0.193245522
-0.621044268
0.223318905
0.153132336
0.388196625
-0.018240353
0.508998696
0.21146254
1.048742053
-0.077077508
-0.368642928
0.068419773
-0.339166029
-0.510029067
0.887372633
1.084620158
1.273165654
-0.070281477
2.13102648
-0.890059567
-1.757022008
-0.582592936
-0.583339262
-0.086762075
0.350035362
0.92511642
-0.774323572
-0.914881297
0.243643687
0.114799236
0.05912548
0.293662092
0.034814901
0.652329109
0.493833728
-0.032642834
-0.131496501
-0.425054347
0.189029206
1.281733307
-1.195546654
-0.147821623
-0.813779287
-0.62740752
0.601689046
0.383528823
-0.323284499
-0.081306624
0.541889101
0.032907317
-0.636591568
0.160167505
0.125070352
0.085655398
-0.276358839
0.756282238
-0.302549042
0.3470739
0.721013143
0.028176207
-0.021126203
0.177849779
0.842847224
-0.793097438
-0.319775103
0.085488164
-0.272095665
0.181009059
-0.06081492
-2.03457095
-0.826409081
-0.131620751
0.50354481
-0.058784163
-1.165515931
0.493494841
0.24872449
0.291730663
-0.188484332
-0.477547982
-0.891260719
0.173043822
-1.336016392
-0.086610727
0.219044778
-0.258558952
0.162251378
0.665642601
-0.396744659
-0.282262932
-0.498151717
-0.414553349
0.161625274
0.692366147
-0.818977164
-0.062940348
-0.015039997
0.057348614
-0.175705641
-0.135540893
-0.164000867
-0.037763281
-0.231387475
0.642761128
-0.17400792
3.066935514
-0.520171501
-0.105681045
-0.307259229
0.503834122
1.216545012
-0.757438316
0.478040309
-0.083691143
0.070104519
-0.574090417
-0.151900587
-0.783569779
0.34269035
-0.085610133
0.556482002
0.38481625
-0.412548032
0.424338518
0.065709019
-0.107619065
0.131473231
-0.436756875
0.111728774
-0.687005443
0
0.152905199
-0.392715902
-0.765445094
0.304259635
1.385886958
-0.054897296
-0.057673822
-0.530355769
-0.030388699
0.192520265
-0.111244932
0.462042559
0.062299588
-0.285667198
0.154261473
-0.168692814
-0.143263844
-0.723784649
-0.031496938
0.532836637
0.192648035
0.216197319
0.415855763
-0.991909311
0.00923361
0.524420644
0.281048513
1.693471571
0.933956571
-0.454180423
-0.126388254
0.454137498
0.895234351
-0.038962879
0.302080011
-0.612055641
-0.164397682
-0.714749838
-0.097719286
-0.147170997
-0.19142454
0.203497272
-0.162646921
-0.729953287
-0.095201828
-0.049915144
0.039952058
-0.79509149
-0.129002745
-0.398501269
-0.060704168
0.018406376
0.816172546
0.44722311
-0.153559584
0.217498134
-0.017253121
-0.107169455
1.620176747
-0.270197727
-0.101374385
-0.310717974
0.059454639
1.046139995
0.837513476
-0.424998012
-0.107368496
-0.145680657
-0.219729386
-0.325416355
-0.048300969
-0.10828225
-0.008062782
0.309098239
0.844051447
0.405650768
0.370491254
0.101948446
0.087797083
-0.100000877
-0.053562805
0.142324993
-0.191251557
0.159974685
0.155331286
-0.046439493
-0.205130003
-0.973295854
-0.050562396
0.131351231
0.158655593
0.106192811
0.40133661
-0.542368106
-0.083215297
-0.566158099
-0.057918326
0.450241615
0.252957831
0.223988951
0.260589197
0.883700441
0.078600561
0.642273088
-0.323422556
-0.10264797
-0.6879256
-0.023674242
-0.074547671
-0.091279315
-0.102783049
0.47575078
-0.436738552
-0.580184077
0.00265259
0.087533156
-0.065371602
-0.85480663
-0.120365912
0.177642091
-0.125643813
0.107065426
-0.71033235
0.128361639
0.346938958
-0.730787786
0.008999604
0.21507118
-0.045795358
0.505776452
-0.336083377
1.934511798
-0.10997906
-0.004404006
0.029948559
0.334618975
-0.699478682
-0.571832604
-0.016000284
0.372510669
-0.759085554
0.492672391
-0.313515818
0.437451555
0.490543945
-0.163304939
-0.601237843
0.480341576
0.739199717
-2.532624456
-0.757350356
0.148992033
0.354690349
0.552301407
-0.160015822
0.273723449
-0.100570197
0.251678606
-0.696654802
0.216692549
-0.35316588
-0.096741528
-0.03710508
0.096871152
0.035274007
0.254968265
0.2516143
-0.78083535
0.144158847
0.2652688
-0.497530407
-0.056263385
0.098970345
-0.443565578
-0.037356269
0.213283749
-0.077309977
0.652636945
0.152831912
0.883085925
0
-0.102930383
0.541165297
-0.645190037
-0.195531478
-0.376551365
-0.069460732
0.092076875
0.25703695
0.53344608
-0.344497436
0.223575046
0.04389855
0.138801827
0.850435949
0.094878343
0.571388074
-0.27482207
-0.113058225
0.099037917
-0.130742049
-0.370625907
0.142942122
-0.74738018
-0.17775634
0.11901353
-0.409348885
0.131027489
0.348650659
-0.377806756
0.017930948
-0.082467573
0.971588004
-0.143047534
0.185071493
-0.247786353
0.022258231
0.003560524
-0.145086206
0.270091992
-0.054228489
-0.815647626
-0.008071097
0.211659193
-0.209422209
0.330038923
0.187717887
0.140078515
0.050785392
0.211943648
-0.343902179
0.018725757
0.041902181
0.159518059
-0.093423019
-0.162975233
-0.073146364
0.019638999
-0.488201064
0.438576823
-0.152697659
-0.39708447
-0.752440043
-0.426117087
0.443386455
-0.755314337
-0.02278631
0.267116419
-0.161843194
-0.062838669
-0.408252533
-0.430056365
-0.006432759
0.000919025
0.060655075
0.18185492
-0.111848619
0.79850212
0.065559441
-0.083715513
0.681213799
0.376293509
0.066685891
0.30258821
-0.665301945
-0.213310195
-0.13133939
-1.053910898
-0.172328451
-0.358106991
-0.171403295
-0.893565956
-0.145302807
-0.281700651
-0.594926289
-0.378288855
0.052897059
0.330431827
-0.008468835
-0.692621138
-0.024638244
0.379143326
0.198298411
0.017905778
0.339206633
-0.573762795
0.682854957
0.028142061
-0.346987771
1.290207224
-0.434810885
0.334064293
-1.281586265
-0.521927552
-0.264227065
0.977096627
-0.089335252
-0.857444045
-1.143019889
0.338035743
-0.093795163
-0.342961153
-0.138425601
0.342693222
0.113201393
0.16769359
-0.110970803
0.086193687
0.036361549
-0.415136211
0.728076073
0.268909486
-0.001902045
-0.582987789
-0.463002822
0.805374288
1.109744587
-0.719451595
0.009497578
0.40645774
-0.170248184
0.261492402
0.280654672
0.281753847
-0.358015411
-0.049981611
1.07561376
-0.777589007
0.317048159
0.337616056
0.034582671
0.568080952
-0.302875459
0.150034014
-0.599236996
0.123565424
0.238411339
-0.247171518
0.957474661
-0.264883488
-0.103077466
0.225888915
0.072344135
-0.365166457
-0.623244219
0.13853527
-0.406618059
-0.138908442
-0.105266126
-0.291668627
-0.189667374
0.211772269
0.69340931
-0.579951842
-0.036752926
0.031110064
-0.699287518
0.191712697
0.235866929
-0.209796158
0.039774611
0.216780105
-0.098237394
-0.275146083
-0.394421215
1.092760935
-0.099808857
-0.275219846
-0.141770238
-0.243244522
0.349152735
0.909555055
0.017802264
-0.202347607
-0.462776093
1.218431128
0.300009317
-0.25080816
-0.059600305
0.06709033
0.65369215
-0.12026792
-0.122265241
0.128906612
0.352879067
0.267651131
-0.484167894
-0.425476812
-0.846229587
-0.20141836
0.061955542
0.088185076
0.038429814
-0.097443057
-0.175381008
-0.515793232
-0.021720859
0.083123949
0.083054911
0.574300749
-0.487571612
-0.024498026
0.022619104
0.272310113
0.825048394
-0.190128243
0.067231913
0.068119891
1.796954409
-0.450698032
0.529115135
-0.192224958
-0.29439548
0.225357813
0.12665082
-0.10449225
0.283525256
-0.410818526
0.916900179
0.09741176
0.216462028
-0.863070389
-0.465043895
-0.052423916
-0.055212014
0.642654587
-0.020126246
0.420906229
0.980427889
0.685772035
-0.500071695
0.935816836
-0.132066212
0.406551284
-0.489445769
0.321940226
-0.072204097
-0.269399916
-0.087657314
-0.069829276
0.206946597
0.514956998
-0.27216935
0.625200671
-0.108132063
-0.141966052
0.202589233
-0.194198863
-0.381157154
-0.162321736
0.107199328
-0.024986391
0.065159373
0.059764865
-0.64454013
0.464782414
0.075914547
-0.511365158
-0.130068174
0.310773791
-0.152219267
0.364986414
0.040208009
-0.12593446
1.396862871
0.344845834
0.549329818
-0.130244755
-0.066520206
-0.470330633
-0.197997149
0.08729158
0.624603566
-0.196986544
-0.026316713
0.022813822
0.598287599
-0.487468825
-0.124435876
0.624709361
0.013079304
0.072362685
0.6568917
-0.340150774
0.99180157
0.288942779
0.011147125
-0.195481631
0.048966127
0.743577414
-0.492627631
0.621830889
-0.018726911
0.815624574
-0.337797896
0.458420187
0.112184218
-0.807158264
0.003397605
0.185163164
-0.375576506
0.0629739
0.112261126
0.411162554
0.000846031
-0.350253807
-0.375256822
0.273554677
-0.373093103
0.311364373
-0.011055268
0.483934069
-0.45367212
0.386018315
-0.06352433
1.041613696
0.177824005
0.297242759
-0.057602725
-0.738408079
0.216269891
-0.413972626
0.183815779
0.126246686
0.143739755
0.023502552
0.882816958
0.10897052
-0.173664487
-0.51440843
0.115461847
-0.676929248
0.282714055
0.220667204
-0.210135039
0.271821202
0.350568942
-0.847097274
0.408667793
0.047735095
-0.434433228
-0.395974678
-0.462540937
-0.408723967
0.354205337
0.233323718
-0.212465189
-0.476731758
0.091200436
0.13539866
-0.405646739
0.158820968
-0.023870621
0.112559797
0.571535651
0.417534766
-0.231936374
-0.085381936
-0.071071401
-0.12615679
-0.252632293
0.18018018
0.548052124
-0.591471338
-0.149384215
-0.131756785
0.101288664
0.443008375
-1.372263515
-0.362216214
-0.013783241
0.375645102
-0.04291735
-0.236146772
0.344299265
-0.444337697
0.081854213
-0.05509879
-0.199843226
0.071638802
0.403650101
0.195859462
-0.056585332
0.08063686
1.122006411
-0.059334605
-0.178957635
0.157187282
-0.018663205
-0.453091458
0.046879129
0.712228867
0.234320808
0.670937033
-0.025987962
-0.233113916
-0.500096657
0.072646179
0.479454367
-0.078967707
-0.28164988
0.040469787
-0.335426236
-0.259604083
-0.189063162
-0.00594596
-0.05861366
0.028899032
-0.231975188
0.717132831
-0.400832107
-0.244523688
-0.043407211
0.316754796
0.488061589
0.266074264
0.021903406
-0.102755014
-0.140801133
0.228807835
-0.111194413
0.245406016
0.464372844
0.471437424
0
0.097512189
0.398827663
-0.364070625
0.446971084
-0.31074172
-0.032417875
-0.498066769
-0.253204753
0.089642519
0.710638654
1.391301457
-0.04918315
0.574905891
-0.031801947
-0.61095477
0.43333388
-0.187131253
0.456015392
-0.073348438
0.303396079
0.88385481
-0.115256587
0.286456652
-0.041035379
-0.333247472
0.161527403
0.091115806
0.760486905
-0.412552469
-0.191876942
-0.530083655
0.084909551
-0.921901007
-0.129663609
0.035928339
-0.022039017
0.351885568
0.475942529
0.807293986
0.449813649
-0.811636387
-0.020960811
0.039511349
-0.554552489
-0.444170665
0.385091347
-0.295212529
-0.007320823
0.19604972
-0.681177894
-0.322079621
0.592113896
0.430465196
0.050330395
0.087628197
0.552060702
0.057240985
-0.80977858
-0.050364329
0.043075073
0.193348173
0.454869782
-0.179186879
-0.511033306
-0.121912564
-0.058589459
0.43235057
-0.75882868
0.787504493
-0.290980418
0.410512368
-0.042097764
0.779946546
-0.333512814
-0.755535487
-0.063372901
0.160158695
-0.000811688
-0.155033726
-0.247138398
0.055417916
-0.30462972
0.321900685
0.02606033
0.310199961
0.283267725
0.089029898
-0.324265752
0.015414196
-0.003244594
0.409643245
-0.072707884
0.03557194
-0.231135392
-0.490072984
-0.119662016
-0.502856584
0.193312691
-0.580454226
-0.476119992
0.216477043
-0.055239053
-0.376163136
-0.700516693
-0.348559897
0.312123444
-0.272779599
0.005855291
-0.286056023
-0.483999497
-0.114634434
0.547670082
0.204782167
-0.00837556
-0.103865645
-0.742069914
-0.261032642
-0.115188833
-0.205204738
-0.004248485
0.1920397
-0.106861165
-0.704679753
0.203498811
-0.609256605
0.32967599
-0.531396006
-0.732959971
1.069426028
0.252094355
-0.284817435
-0.019728265
0.362900112
0.161560555
0.478779241
0.208945589
-0.266146805
0.059490422
0.082387715
-0.326733598
0.393365575
-1.892121109
0.328495232
-0.159401684
0.302052229
-0.290817731
-0.159639646
0.278303558
0.463701163
0.052333113
0.352420641
-0.490459956
-0.794270945
0.127235273
1.007944261
-0.085582
-0.305789442
0.153793281
-0.012867915
0.29771608
0.464495599
-0.044276421
0.093703148
-0.052765059
-0.60626703
-0.019703927
0.118246862
0.045360013
0.181357788
-0.426956314
-0.194669319
0.022340416
0.677794291
0.047783201
-0.288268004
-0.045332467
0.360257058
-0.730717416
0.115095555
0.001715869
0.419522825
-0.122170013
-0.266878801
-0.647540632
-0.146754144
-0.006051699
-0.113260075
0.387771353
0.100879462
-0.71578077
-1.020248816
-0.333070383
0.33946003
-0.580213154
0.008815699
0.276788548
0.545895673
-0.006994291
0.378592475
0.781331661
0.224717159
-0.505342313
0.719393283
-0.055075083
0.544166143
0.142156149
0.106038191
-0.302401271
-0.610064348
-0.031035285
0.17937065
-0.315919049
0.4222725
-0.061913648
-0.601450709
-0.032029086
0.374946962
0.113012871
0.177514283
0.552243813
-0.571453013
-0.003441541
0.522271839
-0.154070016
0.055722246
0.899627297
-0.247951429
-0.034901637
0.033210709
0.157485677
-0.250730944
-0.818841012
-0.327319588
0.131013024
-0.340016011
-0.278123273
-0.59937291
0.325020477
0.033873279
0.031257055
-0.262998004
-0.006962152
0.246303275
0.649407025
-0.309669628
-0.172188525
0.359705995
-0.047501015
-0.632495766
-0.416521739
0.542258625
0.00607945
-0.446378171
0.054084704
-0.682668248
-0.150113243
0.244410645
-0.087703142
-0.175560257
-0.256768759
-0.276825151
0.847809751
-0.187597524
0.002634815
0.177406181
0.170078464
-0.005251227
-0.546156337
-0.252576367
-0.141165676
-0.890600979
0.637402607
0.159448662
0.159194828
0.826497364
-0.045540132
0.336449581
-0.716924125
0.124014917
0.150214781
-0.572766823
0.040580477
-0.112873784
-0.360191749
0.703495326
0.227874607
-0.661879598
0.29603054
0.025550886
-0.099534916
0.022924657
0.245942825
0.033415406
0.132737917
-0.316919646
-0.346989819
0.46573696
-0.078289248
-0.481547996
-0.032730329
0.412360187
0.105751097
0.135570541
0.620670254
-0.672759362
0.00703705
0.249797699
-0.065803327
-0.345914434
0.685420282
0.112875705
-0.07254357
0.27376652
-0.040124211
-1.025323304
0.441709353
0.016677785
0.010531582
0.688868413
-0.291092906
0.885443071
-0.368223603
-0.293928379
-0.058435668
0.07854157
-0.48831957
-0.18226588
-0.027214229
-0.233579206
-0.009681905
0.048414214
-0.056309279
0.184868919
-0.696812063
0.903451876
-0.023677564
0.221042937
0.044636215
0.418168457
-0.277037269
0.069014921
-0.03841218
-0.131000934
-0.261471059
-0.384905396
-0.204198389
-0.155226092
-0.01855009
-0.383439648
0.442564212
-0.573946367
0.30905587
-0.021248528
-0.016825327
0.153224806
0.283872337
-0.036155203
-0.031757514
-0.003529734
0.018531755
0.202929239
0.279123008
-0.172100415
0.013193656
-0.064200658
0.156644637
-0.366396921
-0.283965642
-0.011497099
-0.999478149
0.341287781
0.004451924
0.106841412
0.377992814
0.349101993
-0.203081542
0.190223402
-0.034440127
0.165192887
0.105831305
0.547098002
-0.351356798
-0.63660664
-0.099111536
0.199305531
-0.409310714
-0.194400554
-0.19922622
-0.028517703
0.066857433
-0.119372138
-0.068676418
0.248119026
-0.109507572
-0.049911763
-0.003566906
0.4155594
0.008880679
0.103006731
-0.192495343
0.411508004
0.052223481
-0.004423409
-0.199946917
0.114357647
-0.564936732
0.100627811
0
0.142338624
-0.270058987
-0.664505095
-0.210728313
0.131197038
0.010769189
0.37059969
0.256584476
-0.170321292
-0.210808397
0.262276886
-0.185702679
0.161897691
-0.072334345
0.00893663
0.1912268
0.1837268
-0.008012179
-0.09704416
-0.158629724
-0.02142226
-0.2446232
-0.153935651
0.031372408
0.048387964
-0.052842761
-0.085130788
0.287897541
0.200323737
0.042840695
-0.161475944
-0.278795461
-0.262549508
-0.017968645
0.353147324
-0.063575637
0.723072926
0.08984646
-0.27640759
0.488396136
0.516177097
-0.100587644
-0.098039216
0.127310824
-0.337297908
-0.097456388
-0.630537154
0.03480589
0.07940119
-0.224642978
0.293944213
0.586165427
0.678398413
0.014074719
0.249791108
-0.287772309
0.021997167
0.011436011
-0.007036741
-0.075650285
-0.655838725
-0.007089056
-0.057602666
0.053202337
-0.533512943
-0.017819753
-0.065944838
-0.057962743
0.38099147
0.023110495
0.150183508
-0.02839447
-0.081657288
-0.419279763
0.120426041
0.471324073
-0.509018676
-0.037435824
-0.050824788
-0.514751144
-0.104020948
0.053859964
-0.191099946
-0.000898901
0.177085019
0.094218569
-0.716283573
0.090294269
0.187642649
-0.013506578
0.893355667
-0.048199654
-0.0053581
-0.154500152
0.150266992
0.008037939
0.134847917
-0.375460407
-0.293622659
-0.282815586
-0.149462027
0.023444756
-0.137029524
0.187771388
-0.123444554
-0.041499765
0.507229372
0.13200431
-0.451092757
-0.09819466
-0.112719239
-0.186873702
-0.617747348
0.011831088
-0.190184998
0.03829182
0.566866559
-0.007249792
-0.081566069
0.009070295
0.194086704
-0.039828376
-0.297020737
0.491362555
0.057843695
0.022582131
-0.675504822
0.671915915
-0.383840756
0.097916553
-0.214662247
-0.02995398
-0.189765381
0.241069073
-0.7105779
-0.202908353
0.16485479
0.047546335
-0.391156929
0.296354745
0.246994895
0.039239305
0.121320478
0.039176385
-0.091072193
-0.13035195
0.13143483
0.314482608
0.254432117
-0.01178294
-0.05982813
0.062585034
0.354426708
0.475115166
0.419828113
-0.085942186
-0.107520138
-0.219756564
0.048542817
-0.233611271
-0.221549768
0.009026085
0.171480144
0.114424723
0.34378178
0.010762428
0.116580427
0.038516316
-0.371584112
-0.473626976
-0.07585198
-0.150011748
-0.285993556
0.049012489
0.084369047
-0.212104457
-0.033609171
0.136299204
0.264967968
-0.004525133
0.200924979
0.059614672
-0.048746581
-0.129151125
-0.362633388
-0.008168526
-0.049922847
0.071743178
-0.187850518
0.065462282
0.082682925
0.071720381
0.50168286
0.02437219
-0.03339079
0.243743906
-0.449379514
0.033471138
0.052450714
0.24946221
0.342607786
-0.008086689
-0.099743901
0.095346034
0.137491014
0.044870012
-0.320228196
0.0611918
-0.382214868
0.037013966
0.076707878
-0.017133324
0.008117176
0.079361501
0.666828868
0.020588472
0.22284671
0.081260883
0.059780863
-0.375413535
-0.155743721
0.096819306
0.272264813
-0.384958914
-0.426794825
-0.001800942
0.102655537
-0.021589529
0.177252319
-0.048500961
0.186909169
-0.120187996
-0.420266169
0.018035891
0.021639167
-0.106369553
0.093849264
-0.340786152
-0.287673463
0.085280883
-0.120560561
0.030857195
-0.11068872
0.195282342
0.572920444
-0.004506778
-0.314587296
-0.139253097
-0.404759318
-0.147287456
-0.354193413
0.000913759
-0.305192847
0.031162641
-0.395825507
-0.275051285
-0.100546085
0.098800543
-0.058114864
-0.403348624
0.107500973
-0.165706986
0.568418905
-0.286752231
0.345831985
0.264469816
0.005514402
1.089953314
0.230004182
0.156007655
0.818670023
0.34852282
-0.346417222
0.927888761
0.394264914
0.593064076
0.71558873
-1.29763311
-0.106381093
-0.740135958
-0.765324369
-0.258577195
1.007181247
-1.653550349
-0.773840376
-2.022543988
0.014965439
0.076686399
0.207455308
0.585640614
0.881690324
1.365658199
0.980072168
-0.185851911
-0.670132767
-0.127686164
-0.604791179
-0.968810152
-0.554547381
0.11764161
-0.149886198
0.910859896
-0.315877432
0.669681924
0.036601212
0.142692498
-0.340695274
0.627812554
-0.653951946
-0.632586453
0.299854225
0.034035194
-0.125979328
-0.044194419
-0.310418835
-0.430580452
0.404602821
0.013863729
0.065612553
-0.088657395
0.51300538
0.733853836
0.217274213
-0.0920047
-0.558918998
-0.628994251
-0.408758316
0.376155799
0.028613624
-0.097812145
-0.190273865
0.384974875
-0.275639548
-0.123872208
0.130504804
-0.087814167
0.987158612
0.05863222
0.503575385
-0.270568193
-0.449429991
-0.022022389
-0.00550681
0.791188619
0.193057225
0.675307206
0.242852113
0.083756619
0.201567548
0.30264115
0.568537917
0.927665257
-0.402233454
0.020370026
0.001770946
0.406424878
0.294545615
-0.650669574
-0.388533397
-0.196357175
0.800327609
-0.52902109
-0.17846203
-0.332657345
-0.263265925
0.068003472
0.681360934
0.42274661
-0.504099122
-0.28621459
-0.009805582
-0.018721583
0.234509447
-0.064050101
0.148655866
-0.103104696
0.06495182
-0.027564376
0.581679756
-0.320107528
0.502994012
-0.394555661
0.128494838
0.04336667
0.346782969
0.492810607
0.107904202
-0.246247141
0.383899079
-0.161898678
0.340100277
0.695366553
0.368705972
0.229918837
0.506213403
-0.099531515
0.929313751
-0.309755599
0.650459248
0.47069799
-0.601021399
-0.023778587
-0.078148227
0.334089924
0.509209835
0.114645064
-0.758653789
0.020362797
-0.435166177
0.018743663
0.374803015
0.246955489
0.24380746
-0.021112368
0.261003978
0.5122243
-0.762744539
0.171458495
-0.548065329
-0.032217314
-0.033923892
0.397892611
-0.036335981
-0.069317058
0.67927082
-0.016804181
0.302526093
-0.206102649
-0.50876486
0.005906874
-0.119818079
0.051532892
-0.25246555
-0.325057351
0.235246159
0.100825242
0.260696602
-0.088642753
0.253489708
-0.154237745
-0.260836534
0.270828396
-0.076808805
-0.013515226
-0.559268052
-0.537776003
-0.413413738
0.099493953
-0.367590355
-0.005160092
0.325962622
0.668666952
-0.187345653
0.238034297
-0.282579646
-0.040117108
0.610537102
-0.415870995
0.225849065
-0.011054422
0.562136971
-0.122623638
0.014394215
-0.565526583
0
-0.322685012
0.050395907
0.041833146
0.438637663
0.440970305
0.300302841
-0.330609181
0.334244396
-0.021927605
-0.384660807
-0.119400457
-0.417129437
-0.607882033
-0.267253711
0.057544812
-0.08068808
0.640871448
0.086214255
0.867370001
0.365272094
0.166807077
-0.650978149
0.002539704
-0.301370559
0.227560265
0.229585137
0.085368946
0.082762581
0.082694141
-0.068292765
0.184769586
-0.169270285
-0.005061412
-0.117261975
0.441726704
0.197608517
